Group num: 0, TC(X;Y_j): 0.071
grandmother, 0.027, 1.000, 0.027
grave, 0.019, 1.000, 0.019
foot, 0.018, 1.000, 0.018
grandfather, 0.018, 1.000, 0.018
leg, 0.016, 1.000, 0.016
wagon, 0.016, 1.000, 0.016
cover, 0.016, 1.000, 0.016
stick, 0.016, 1.000, 0.016
something, 0.015, 1.000, 0.015
start, 0.015, 1.000, 0.015
grandparent, 0.014, 1.000, 0.014
visit, 0.012, 1.000, 0.012
dress, 0.012, 1.000, 0.012
uncle, 0.012, 1.000, 0.012
share, 0.010, 1.000, 0.010
lie, 0.010, 1.000, 0.010
wash, 0.010, 1.000, 0.010
baby, 0.009, 1.000, 0.009
husband, 0.009, 1.000, 0.009
sadness, 0.009, 1.000, 0.009
wave, 0.009, 1.000, 0.009
top, 0.009, 1.000, 0.009
shoe, 0.009, 1.000, 0.009
drag, 0.007, 1.000, 0.007
travel, 0.007, 1.000, 0.007
Mrs., 0.007, 1.000, 0.007
rf, 0.007, 1.000, 0.007
hospital, 0.006, 1.000, 0.006
transport, 0.005, 1.000, 0.005
pass, 0.005, 1.000, 0.005
milk, 0.005, 1.000, 0.005
boot, 0.005, 1.000, 0.005
Paris, 0.005, 1.000, 0.005
affect, 0.005, 1.000, 0.005
mouth, 0.005, 1.000, 0.005
America, 0.005, 1.000, 0.005
Warsaw, 0.004, 1.000, 0.004
kitchen, 0.004, 1.000, 0.004
imagine, 0.004, 1.000, 0.004
ring, 0.003, 1.000, 0.003
aunt, 0.003, 1.000, 0.003
gun, 0.003, 1.000, 0.003
question, 0.003, 1.000, 0.003
arrive, 0.002, 1.000, 0.002
pull, 0.002, 1.000, 0.002
orphanage, 0.001, 1.000, 0.001
Group num: 1, TC(X;Y_j): 0.066
arm, 0.041, 1.000, 0.041
catch, 0.019, 1.000, 0.019
gas_chamber, 0.019, 1.000, 0.019
yell, 0.019, 1.000, 0.019
blood, 0.019, 1.000, 0.019
kill, 0.018, 1.000, 0.018
group, 0.018, 1.000, 0.018
beating, 0.014, 1.000, 0.014
tear, 0.014, 1.000, 0.014
scream, 0.014, 1.000, 0.014
beat, 0.013, 1.000, 0.013
pain, 0.012, 1.000, 0.012
throw, 0.011, 1.000, 0.011
box, 0.009, 1.000, 0.009
pack, 0.009, 1.000, 0.009
stuff, 0.009, 1.000, 0.009
shooting, 0.009, 1.000, 0.009
separate, 0.008, 1.000, 0.008
surprise, 0.008, 1.000, 0.008
anyone, 0.008, 1.000, 0.008
money, 0.007, 1.000, 0.007
live, 0.005, 1.000, 0.005
hold, 0.005, 1.000, 0.005
hurt, 0.005, 1.000, 0.005
fact, 0.004, 1.000, 0.004
hang, 0.004, 1.000, 0.004
faint, 0.003, 1.000, 0.003
someone, 0.003, 1.000, 0.003
meet, 0.002, 1.000, 0.002
house, 0.001, 1.000, 0.001
Group num: 2, TC(X;Y_j): 0.060
survive, 0.047, 1.000, 0.047
story, 0.038, 1.000, 0.038
thank, 0.036, 1.000, 0.036
message, 0.026, 1.000, 0.026
Holocaust, 0.017, 1.000, 0.017
fight, 0.016, 1.000, 0.016
hope, 0.015, 1.000, 0.015
grandchild, 0.014, 1.000, 0.014
tape, 0.014, 1.000, 0.014
lose, 0.014, 1.000, 0.014
respect, 0.013, 1.000, 0.013
orphan, 0.010, 1.000, 0.010
teenager, 0.010, 1.000, 0.010
movie, 0.010, 1.000, 0.010
business, 0.010, 1.000, 0.010
use, 0.009, 1.000, 0.009
forgive, 0.008, 1.000, 0.008
AJ, 0.007, 1.000, 0.007
i., 0.006, 1.000, 0.006
son, 0.005, 1.000, 0.005
die, 0.005, 1.000, 0.005
RF, 0.005, 1.000, 0.005
kid, 0.004, 1.000, 0.004
age, 0.001, 1.000, 0.001
wire, 0.001, 1.000, 0.001
date, 0.000, 1.000, 0.000
Group num: 3, TC(X;Y_j): 0.053
bread, 0.054, 1.000, 0.054
piece, 0.032, 1.000, 0.032
water, 0.030, 1.000, 0.030
light, 0.023, 1.000, 0.023
jew, 0.016, 1.000, 0.016
push, 0.016, 1.000, 0.016
couple, 0.016, 1.000, 0.016
get, 0.016, 1.000, 0.016
pick, 0.014, 1.000, 0.014
soup, 0.011, 1.000, 0.011
order, 0.009, 1.000, 0.009
car, 0.009, 1.000, 0.009
army, 0.007, 1.000, 0.007
ground, 0.007, 1.000, 0.007
forget, 0.006, 1.000, 0.006
please, 0.005, 1.000, 0.005
Friday, 0.004, 1.000, 0.004
Russians, 0.004, 1.000, 0.004
condition, 0.004, 1.000, 0.004
woman, 0.004, 1.000, 0.004
wood, 0.003, 1.000, 0.003
wall, 0.003, 1.000, 0.003
buy, 0.003, 1.000, 0.003
soldier, 0.003, 1.000, 0.003
finish, 0.002, 1.000, 0.002
idea, 0.002, 1.000, 0.002
take_care, 0.002, 1.000, 0.002
gas, 0.002, 1.000, 0.002
survivor, 0.002, 1.000, 0.002
Group num: 4, TC(X;Y_j): 0.050
stop, 0.048, 1.000, 0.048
morning, 0.027, 1.000, 0.027
speak, 0.025, 1.000, 0.025
child, 0.024, 1.000, 0.024
wake, 0.023, 1.000, 0.023
mom, 0.018, 1.000, 0.018
strength, 0.016, 1.000, 0.016
horse, 0.016, 1.000, 0.016
spend, 0.016, 1.000, 0.016
grab, 0.014, 1.000, 0.014
way, 0.013, 1.000, 0.013
find, 0.013, 1.000, 0.013
feeling, 0.011, 1.000, 0.011
run, 0.009, 1.000, 0.009
faith, 0.008, 1.000, 0.008
scare, 0.008, 1.000, 0.008
field, 0.008, 1.000, 0.008
guess, 0.007, 1.000, 0.007
back, 0.006, 1.000, 0.006
liberate, 0.005, 1.000, 0.005
barrack, 0.005, 1.000, 0.005
swear, 0.005, 1.000, 0.005
ss, 0.002, 1.000, 0.002
Group num: 5, TC(X;Y_j): 0.042
day, 0.077, 1.000, 0.077
night, 0.058, 1.000, 0.058
stay, 0.025, 1.000, 0.025
friend, 0.019, 1.000, 0.019
wish, 0.013, 1.000, 0.013
rabbi, 0.013, 1.000, 0.013
today, 0.013, 1.000, 0.013
middle, 0.010, 1.000, 0.010
girl, 0.010, 1.000, 0.010
sleep, 0.009, 1.000, 0.009
send, 0.008, 1.000, 0.008
save, 0.007, 1.000, 0.007
service, 0.007, 1.000, 0.007
farmer, 0.007, 1.000, 0.007
trip, 0.006, 1.000, 0.006
none, 0.006, 1.000, 0.006
cut, 0.006, 1.000, 0.006
hear_voice, 0.006, 1.000, 0.006
Dad, 0.006, 1.000, 0.006
power, 0.006, 1.000, 0.006
snow, 0.006, 1.000, 0.006
ph, 0.005, 1.000, 0.005
invite, 0.004, 1.000, 0.004
bear, 0.004, 1.000, 0.004
Sorry, 0.003, 1.000, 0.003
begin, 0.003, 1.000, 0.003
Group num: 6, TC(X;Y_j): 0.040
year, 0.080, 1.000, 0.080
put, 0.046, 1.000, 0.046
lot, 0.037, 1.000, 0.037
let, 0.021, 1.000, 0.021
talk, 0.021, 1.000, 0.021
wife, 0.017, 1.000, 0.017
bed, 0.014, 1.000, 0.014
know, 0.012, 1.000, 0.012
point, 0.012, 1.000, 0.012
moment, 0.011, 1.000, 0.011
wait, 0.009, 1.000, 0.009
right, 0.008, 1.000, 0.008
Poland, 0.007, 1.000, 0.007
birthday, 0.007, 1.000, 0.007
United_States, 0.007, 1.000, 0.007
New_York, 0.007, 1.000, 0.007
guy, 0.007, 1.000, 0.007
ms, 0.006, 1.000, 0.006
mama, 0.006, 1.000, 0.006
hide, 0.006, 1.000, 0.006
holiday, 0.005, 1.000, 0.005
fire, 0.005, 1.000, 0.005
singing, 0.005, 1.000, 0.005
lady, 0.005, 1.000, 0.005
mine, 0.003, 1.000, 0.003
knee, 0.003, 1.000, 0.003
German, 0.003, 1.000, 0.003
Group num: 7, TC(X;Y_j): 0.040
mother, 0.070, 1.000, 0.070
sister, 0.048, 1.000, 0.048
people, 0.041, 1.000, 0.041
say, 0.038, 1.000, 0.038
parent, 0.037, 1.000, 0.037
bring, 0.015, 1.000, 0.015
say_goodbye, 0.015, 1.000, 0.015
word, 0.012, 1.000, 0.012
somebody, 0.012, 1.000, 0.012
nobody, 0.010, 1.000, 0.010
hand, 0.008, 1.000, 0.008
fall, 0.006, 1.000, 0.006
anybody, 0.003, 1.000, 0.003
worry, 0.003, 1.000, 0.003
beg, 0.003, 1.000, 0.003
Group num: 8, TC(X;Y_j): 0.034
lay, 0.038, 1.000, 0.038
look, 0.032, 1.000, 0.032
nothing, 0.030, 1.000, 0.030
go, 0.027, 1.000, 0.027
jump, 0.020, 1.000, 0.020
listen, 0.016, 1.000, 0.016
bar_mitzvah, 0.016, 1.000, 0.016
floor, 0.010, 1.000, 0.010
room, 0.009, 1.000, 0.009
build, 0.009, 1.000, 0.009
book, 0.008, 1.000, 0.008
suppose, 0.007, 1.000, 0.007
rest, 0.006, 1.000, 0.006
camp, 0.006, 1.000, 0.006
Germans, 0.004, 1.000, 0.004
course, 0.003, 1.000, 0.003
gon, 0.002, 1.000, 0.002
Germany, 0.002, 1.000, 0.002
dog, 0.001, 1.000, 0.001
return, 0.001, 1.000, 0.001
punishment, 0.001, 1.000, 0.001
Group num: 9, TC(X;Y_j): 0.033
thing, 0.055, 1.000, 0.055
name, 0.044, 1.000, 0.044
call, 0.042, 1.000, 0.042
school, 0.021, 1.000, 0.021
think, 0.019, 1.000, 0.019
mean, 0.014, 1.000, 0.014
mind, 0.012, 1.000, 0.012
sigh, 0.011, 1.000, 0.011
pay, 0.011, 1.000, 0.011
clothes, 0.011, 1.000, 0.011
ghetto, 0.011, 1.000, 0.011
face, 0.010, 1.000, 0.010
touch, 0.009, 1.000, 0.009
hour, 0.008, 1.000, 0.008
body, 0.006, 1.000, 0.006
mg, 0.006, 1.000, 0.006
forest, 0.005, 1.000, 0.005
July, 0.005, 1.000, 0.005
number, 0.005, 1.000, 0.005
town, 0.004, 1.000, 0.004
organization, 0.004, 1.000, 0.004
wonder, 0.004, 1.000, 0.004
someplace, 0.003, 1.000, 0.003
gs, 0.003, 1.000, 0.003
example, 0.002, 1.000, 0.002
Group num: 10, TC(X;Y_j): 0.031
life, 0.039, 1.000, 0.039
make, 0.036, 1.000, 0.036
turn, 0.026, 1.000, 0.026
walk, 0.025, 1.000, 0.025
side, 0.024, 1.000, 0.024
help, 0.021, 1.000, 0.021
realize, 0.017, 1.000, 0.017
cousin, 0.017, 1.000, 0.017
remember, 0.013, 1.000, 0.013
street, 0.012, 1.000, 0.012
truck, 0.010, 1.000, 0.010
barracks, 0.007, 1.000, 0.007
figure, 0.006, 1.000, 0.006
boy, 0.006, 1.000, 0.006
get_marry, 0.005, 1.000, 0.005
tank, 0.005, 1.000, 0.005
half, 0.005, 1.000, 0.005
crematorium, 0.004, 1.000, 0.004
stand, 0.004, 1.000, 0.004
minute, 0.004, 1.000, 0.004
trouble, 0.004, 1.000, 0.004
ship, 0.004, 1.000, 0.004
control, 0.001, 1.000, 0.001
Group num: 11, TC(X;Y_j): 0.027
eat, 0.043, 1.000, 0.043
food, 0.036, 1.000, 0.036
city, 0.025, 1.000, 0.025
open, 0.023, 1.000, 0.023
hear, 0.013, 1.000, 0.013
potato, 0.012, 1.000, 0.012
Sunday, 0.012, 1.000, 0.012
papers, 0.008, 1.000, 0.008
feed, 0.008, 1.000, 0.008
meat, 0.008, 1.000, 0.008
tomorrow, 0.008, 1.000, 0.008
England, 0.008, 1.000, 0.008
May, 0.008, 1.000, 0.008
ask, 0.007, 1.000, 0.007
shoot, 0.007, 1.000, 0.007
animal, 0.007, 1.000, 0.007
manage, 0.007, 1.000, 0.007
carry, 0.003, 1.000, 0.003
sort, 0.002, 1.000, 0.002
speech, 0.002, 1.000, 0.002
Auschwitz, 0.001, 1.000, 0.001
summer, 0.001, 1.000, 0.001
Group num: 12, TC(X;Y_j): 0.027
brother, 0.079, 1.000, 0.079
home, 0.037, 1.000, 0.037
feel, 0.036, 1.000, 0.036
front, 0.021, 1.000, 0.021
keep, 0.020, 1.000, 0.020
show, 0.013, 1.000, 0.013
laugh, 0.013, 1.000, 0.013
window, 0.012, 1.000, 0.012
daughter, 0.008, 1.000, 0.008
decide, 0.008, 1.000, 0.008
step, 0.008, 1.000, 0.008
march, 0.007, 1.000, 0.007
pray, 0.007, 1.000, 0.007
seconds, 0.007, 1.000, 0.007
knock, 0.006, 1.000, 0.006
dad, 0.006, 1.000, 0.006
escape, 0.004, 1.000, 0.004
bury, 0.004, 1.000, 0.004
reason, 0.003, 1.000, 0.003
concentration_camp, 0.002, 1.000, 0.002
join, 0.002, 1.000, 0.002
doctor, 0.002, 1.000, 0.002
need, 0.001, 1.000, 0.001
Group num: 13, TC(X;Y_j): 0.025
world, 0.055, 1.000, 0.055
try, 0.036, 1.000, 0.036
generation, 0.024, 1.000, 0.024
God, 0.020, 1.000, 0.020
describe, 0.015, 1.000, 0.015
change, 0.012, 1.000, 0.012
time, 0.011, 1.000, 0.011
see, 0.010, 1.000, 0.010
voice, 0.009, 1.000, 0.009
tell, 0.008, 1.000, 0.008
week, 0.004, 1.000, 0.004
watch, 0.003, 1.000, 0.003
matter, 0.002, 1.000, 0.002
Group num: 14, TC(X;Y_j): 0.024
end, 0.047, 1.000, 0.047
understand, 0.027, 1.000, 0.027
war, 0.025, 1.000, 0.025
experience, 0.022, 1.000, 0.022
marry, 0.017, 1.000, 0.017
happen, 0.017, 1.000, 0.017
like, 0.016, 1.000, 0.016
SM, 0.014, 1.000, 0.014
want, 0.012, 1.000, 0.012
laughter, 0.010, 1.000, 0.010
accept, 0.008, 1.000, 0.008
childhood, 0.008, 1.000, 0.008
village, 0.008, 1.000, 0.008
celebrate, 0.007, 1.000, 0.007
love, 0.007, 1.000, 0.007
memory, 0.005, 1.000, 0.005
weep, 0.002, 1.000, 0.002
remain, 0.002, 1.000, 0.002
ea, 0.002, 1.000, 0.002
person, 0.001, 1.000, 0.001
Group num: 15, TC(X;Y_j): 0.023
family, 0.064, 1.000, 0.064
take, 0.045, 1.000, 0.045
door, 0.018, 1.000, 0.018
eye, 0.013, 1.000, 0.013
head, 0.013, 1.000, 0.013
one, 0.009, 1.000, 0.009
recognize, 0.008, 1.000, 0.008
death, 0.008, 1.000, 0.008
grow, 0.007, 1.000, 0.007
miss, 0.007, 1.000, 0.007
hair, 0.006, 1.000, 0.006
perish, 0.006, 1.000, 0.006
break, 0.005, 1.000, 0.005
gate, 0.005, 1.000, 0.005
job, 0.005, 1.000, 0.005
office, 0.005, 1.000, 0.005
MK, 0.005, 1.000, 0.005
Mhm, 0.004, 1.000, 0.004
skeleton, 0.003, 1.000, 0.003
apartment, 0.003, 1.000, 0.003
Group num: 16, TC(X;Y_j): 0.016
give, 0.126, 1.000, 0.126
kind, 0.027, 1.000, 0.027
continue, 0.018, 1.000, 0.018
write, 0.017, 1.000, 0.017
letter, 0.014, 1.000, 0.014
read, 0.012, 1.000, 0.012
come, 0.011, 1.000, 0.011
start_cry, 0.009, 1.000, 0.009
come_home, 0.006, 1.000, 0.006
train, 0.003, 1.000, 0.003
Group num: 17, TC(X;Y_j): 0.016
anything, 0.060, 1.000, 0.060
everybody, 0.048, 1.000, 0.048
kiss, 0.030, 1.000, 0.030
line, 0.017, 1.000, 0.017
hug, 0.009, 1.000, 0.009
sb, 0.007, 1.000, 0.007
yard, 0.007, 1.000, 0.007
beard, 0.006, 1.000, 0.006
become, 0.006, 1.000, 0.006
heart, 0.005, 1.000, 0.005
country, 0.004, 1.000, 0.004
month, 0.003, 1.000, 0.003
drink, 0.002, 1.000, 0.002
officer, 0.002, 1.000, 0.002
Group num: 18, TC(X;Y_j): 0.015
father, 0.082, 1.000, 0.082
work, 0.024, 1.000, 0.024
believe, 0.019, 1.000, 0.019
play, 0.012, 1.000, 0.012
dream, 0.011, 1.000, 0.011
place, 0.009, 1.000, 0.009
hit, 0.008, 1.000, 0.008
suffer, 0.008, 1.000, 0.008
Hitler, 0.007, 1.000, 0.007
picture, 0.007, 1.000, 0.007
move, 0.006, 1.000, 0.006
Jews, 0.006, 1.000, 0.006
Gestapo, 0.005, 1.000, 0.005
wear, 0.004, 1.000, 0.004
Yom_Kippur, 0.004, 1.000, 0.004
belong, 0.004, 1.000, 0.004
leave, 0.001, 1.000, 0.001
evening, 0.001, 1.000, 0.001
Group num: 19, TC(X;Y_j): 0.014
man, 0.062, 1.000, 0.062
sit, 0.046, 1.000, 0.046
sing, 0.017, 1.000, 0.017
table, 0.013, 1.000, 0.013
bit, 0.011, 1.000, 0.011
part, 0.007, 1.000, 0.007
meal, 0.007, 1.000, 0.007
Israel, 0.005, 1.000, 0.005
care, 0.004, 1.000, 0.004
excuse, 0.004, 1.000, 0.004
chance, 0.002, 1.000, 0.002
soul, 0.002, 1.000, 0.002
act, 0.001, 1.000, 0.001
grandson, 0.001, 1.000, 0.001
follow, 0.001, 1.000, 0.001
